%YAML:1.0
---
F: !!opencv-matrix
   rows: 3
   cols: 3
   dt: d
   data: [ -7.2326337287081165e-10, 6.0979840876188868e-07,
       -5.5223260802720513e-04, -1.1371071437991389e-07,
       2.2138230197532418e-07, 1.8619687030505713e-01,
       3.2415812140447069e-04, -1.8694306493166751e-01, 1. ]
E: !!opencv-matrix
   rows: 3
   cols: 3
   dt: d
   data: [ -4.6386254196784471e-06, 3.9109216723291901e-03,
       8.9181296211152377e-04, -7.2927985848203394e-04,
       1.4198279795831637e-03, -8.7408459163557750e-01,
       -1.2013873529618819e-03, 8.7407576772499640e-01,
       1.4168527071376461e-03 ]
R: !!opencv-matrix
   rows: 3
   cols: 3
   dt: d
   data: [ 9.9999330394454244e-01, 3.5552421047268092e-04,
       3.6422065583342177e-03, -3.6144348281978348e-04,
       9.9999861491952535e-01, 1.6246592378454999e-03,
       -3.6416239078922094e-03, -1.6259648108607372e-03,
       9.9999204737525149e-01 ]
T: !!opencv-matrix
   rows: 3
   cols: 1
   dt: d
   data: [ 8.7407729319618588e-01, 8.8546374096967848e-04,
       -3.9123668241561977e-03 ]
R1: !!opencv-matrix
   rows: 3
   cols: 3
   dt: d
   data: [ 9.9999870737359609e-01, 1.3758129524782047e-03,
       -8.3209966750479893e-04, -1.3751385733047051e-03,
       9.9999872605346241e-01, 8.1048464278761858e-04,
       8.3321368272364050e-04, -8.0933934278414944e-04,
       9.9999932536216596e-01 ]
R2: !!opencv-matrix
   rows: 3
   cols: 3
   dt: d
   data: [ 9.9998946978274161e-01, 1.0130161528465337e-03,
       -4.4759492742084388e-03, -1.0166536552653224e-03,
       9.9999915477098988e-01, -8.1047680465589538e-04,
       4.4751244649116400e-03, 8.1501876034946561e-04,
       9.9998965444920662e-01 ]
P1: !!opencv-matrix
   rows: 3
   cols: 4
   dt: d
   data: [ -1.3659241008754584e+03, 0., 9.4959390258789062e+02, 0., 0.,
       -1.3659241008754584e+03, 5.9414077758789062e+02, 0., 0., 0., 1.,
       0. ]
P2: !!opencv-matrix
   rows: 3
   cols: 4
   dt: d
   data: [ -1.3659241008754584e+03, 0., 9.4413641357421875e+02,
       -1.1939358132081602e+03, 0., -1.3659241008754584e+03,
       5.9414077758789062e+02, 0., 0., 0., 1., 0. ]
Q: !!opencv-matrix
   rows: 4
   cols: 4
   dt: d
   data: [ 1., 0., 0., -9.4959390258789062e+02, 0., 1., 0.,
       -5.9414077758789062e+02, 0., 0., 0., -1.3659241008754584e+03, 0.,
       0., -1.1440519883234539e+00, 6.2436511573447140e+00 ]
mirrorY: 1
ROI1x: 0
ROI1y: 0
ROI1w: 1920
ROI1h: 1200
ROI2x: 0
ROI2y: 0
ROI2w: 1920
ROI2h: 1200
Offsetx: 0.
Offsety: 0.
Offsetz: 0.
Covar: !!opencv-matrix
   rows: 16
   cols: 16
   dt: d
   data: [ 3.8655221005504554e-04, -3.0219513569812020e-05,
       -5.5852039176702098e-05, 3.0371109659084017e-07,
       -1.5615070410116783e-07, 4.8658237787364506e-05,
       -1.8213975737912580e-06, 3.3994370928865687e-05,
       3.9172027203749726e-08, 1.0084259410910320e-08,
       -6.2798658613692545e-08, -1.1793358429925911e-07,
       -4.7260272471158636e-09, -2.3154317083821155e-08,
       1.2628054736547848e-07, 1.3249814888598328e-09,
       -3.0219513569812020e-05, 3.3158700102833252e-04,
       -3.2830534647943962e-05, -8.1546371292239195e-08,
       8.2643645305581116e-08, 1.9665219587333718e-05,
       4.8984415449263544e-05, 1.4107303498041246e-06,
       -1.8226175321188802e-08, 6.3703776721479211e-09,
       -3.4693413577256837e-09, 5.9262535896535889e-08,
       -9.2633004767682534e-09, 2.3471093358240602e-07,
       3.4606317659170493e-08, -1.1800388933478165e-09,
       -5.5852039176702098e-05, -3.2830534647943962e-05,
       2.1951126951482496e-04, -1.6354610432224247e-07,
       2.7264799807850353e-07, -1.0225602691203847e-05,
       -6.4925551145051848e-06, 7.2403125229743177e-06,
       2.0156132209565873e-10, 3.1691108141951951e-09,
       1.1429436328067574e-08, -2.9073112553023015e-07,
       -1.6766926231313362e-08, -3.1522035828683756e-08,
       -3.2326110251907314e-07, -1.7736174870509303e-08,
       3.0371109659084017e-07, -8.1546371292239195e-08,
       -1.6354610432224247e-07, 1.8285714011422108e-09,
       -2.8349514146401307e-09, 5.2903353930871849e-08,
       7.6229087332914969e-11, 4.0063529987144405e-08,
       5.8121779395560349e-11, -3.1924021089741705e-12,
       1.1142223287130453e-11, -2.5417651608087110e-10,
       -7.4544609129199059e-12, -6.2638365812470882e-11,
       -2.9104198325086545e-11, -8.0197102060234073e-12,
       -1.5615070410116783e-07, 8.2643645305581116e-08,
       2.7264799807850353e-07, -2.8349514146401307e-09,
       5.7661304620912352e-09, -6.8449925202009986e-08,
       -1.0976176187128760e-08, 3.2128962270575216e-08,
       5.3400298804616465e-11, 3.7946066346584585e-11,
       -8.5031642303416431e-12, 1.3595822279931567e-10,
       7.6996656727770571e-12, 6.3908600871286033e-11,
       1.6867461771403986e-11, 9.8751591415208716e-12,
       4.8658237787364506e-05, 1.9665219587333718e-05,
       -1.0225602691203847e-05, 5.2903353930871849e-08,
       -6.8449925202009986e-08, 1.2060173709165934e-03,
       -1.0306742992707216e-05, -1.6225091031891876e-04,
       1.1375857211627597e-07, -3.8378073915597201e-07,
       -5.9839646319463773e-09, -1.0266297603136913e-08,
       -1.8211126401299545e-09, 1.3539498610948035e-08,
       2.0982420571116581e-08, 2.2554878127546391e-10,
       -1.8213975737912580e-06, 4.8984415449263544e-05,
       -6.4925551145051848e-06, 7.6229087332914969e-11,
       -1.0976176187128760e-08, -1.0306742992707216e-05,
       1.1973657699479246e-03, 3.3675278800417220e-05,
       -2.2814073159116953e-07, 1.4671023494284526e-07,
       1.4896120265699865e-09, 8.4425365187853489e-09,
       -1.7945109420683803e-09, 3.4634997441330663e-08,
       7.3234776134179057e-09, 1.9345252603167289e-10,
       3.3994370928865687e-05, 1.4107303498041246e-06,
       7.2403125229743177e-06, 4.0063529987144405e-08,
       3.2128962270575216e-08, -1.6225091031891876e-04,
       3.3675278800417220e-05, 2.6909531738305609e-03,
       5.7966607083182149e-07, -5.9242997045677799e-10,
       -3.9500791482373180e-09, -3.9116847929387161e-08,
       -1.7634143942139001e-09, 2.2277999054803723e-10,
       -1.5724042512407919e-08, -1.2922171422421018e-09,
       3.9172027203749726e-08, -1.8226175321188802e-08,
       2.0156132209565873e-10, 5.8121779395560349e-11,
       5.3400298804616465e-11, 1.1375857211627597e-07,
       -2.2814073159116953e-07, 5.7966607083182149e-07,
       4.6484268989690841e-09, -7.1935103556482283e-09,
       -2.2086783475330438e-12, -3.8051092869039458e-11,
       -2.9785562885795236e-13, -1.3339044622680878e-11,
       -1.0128057862428366e-11, -7.8445385744983200e-13,
       1.0084259410910320e-08, 6.3703776721479211e-09,
       3.1691108141951951e-09, -3.1924021089741705e-12,
       3.7946066346584585e-11, -3.8378073915597201e-07,
       1.4671023494284526e-07, -5.9242997045677799e-10,
       -7.1935103556482283e-09, 1.5630725952163932e-08,
       -1.5836908219865521e-13, -1.1334536869383901e-11,
       -7.2259088395492893e-13, 4.2944653547017113e-12,
       -4.0442241181226437e-12, -3.3003030807610398e-13,
       -6.2798658613692545e-08, -3.4693413577256837e-09,
       1.1429436328067574e-08, 1.1142223287130453e-11,
       -8.5031642303416431e-12, -5.9839646319463773e-09,
       1.4896120265699865e-09, -3.9500791482373180e-09,
       -2.2086783475330438e-12, -1.5836908219865521e-13,
       6.4889291549738885e-10, -1.8338200343221902e-11,
       -4.6012411892075475e-13, -2.8944856166443550e-12,
       -2.5164605634614190e-11, -1.6862085933527941e-12,
       -1.1793358429925911e-07, 5.9262535896535889e-08,
       -2.9073112553023015e-07, -2.5417651608087110e-10,
       1.3595822279931567e-10, -1.0266297603136913e-08,
       8.4425365187853489e-09, -3.9116847929387161e-08,
       -3.8051092869039458e-11, -1.1334536869383901e-11,
       -1.8338200343221902e-11, 6.2449601356113555e-10,
