%YAML:1.0
---
M1: !!opencv-matrix
   rows: 3
   cols: 3
   dt: d
   data: [ -1.3663644624949141e+03, 0., 9.5201409341783744e+02, 0.,
       -1.3663644624949141e+03, 5.9515378480409288e+02, 0., 0., 1. ]
D1: !!opencv-matrix
   rows: 5
   cols: 1
   dt: d
   data: [ -1.5934723176777250e-02, -2.6588261328854116e-02, 0., 0., 0. ]
Cov1: !!opencv-matrix
   rows: 5
   cols: 5
   dt: d
   data: [ 3.8655221005504554e-04, -3.0219513569812020e-05,
       -5.5852039176702098e-05, 3.0371109659084017e-07,
       -1.5615070410116783e-07, -3.0219513569812020e-05,
       3.3158700102833252e-04, -3.2830534647943962e-05,
       -8.1546371292239195e-08, 8.2643645305581116e-08,
       -5.5852039176702098e-05, -3.2830534647943962e-05,
       2.1951126951482496e-04, -1.6354610432224247e-07,
       2.7264799807850353e-07, 3.0371109659084017e-07,
       -8.1546371292239195e-08, -1.6354610432224247e-07,
       1.8285714011422108e-09, -2.8349514146401307e-09,
       -1.5615070410116783e-07, 8.2643645305581116e-08,
       2.7264799807850353e-07, -2.8349514146401307e-09,
       5.7661304620912352e-09 ]
s1: 6282
w1: 1920
h1: 1200
M2: !!opencv-matrix
   rows: 3
   cols: 3
   dt: d
   data: [ -1.3664484318794930e+03, 0., 9.5393863579434458e+02, 0.,
       -1.3664484318794930e+03, 5.9362454884171143e+02, 0., 0., 1. ]
D2: !!opencv-matrix
   rows: 5
   cols: 1
   dt: d
   data: [ -1.5436795510111623e-02, -2.6860225262429739e-02, 0., 0., 0. ]
Cov2: !!opencv-matrix
   rows: 5
   cols: 5
   dt: d
   data: [ 1.2060173709165934e-03, -1.0306742992707216e-05,
       -1.6225091031891876e-04, 1.1375857211627597e-07,
       -3.8378073915597201e-07, -1.0306742992707216e-05,
       1.1973657699479246e-03, 3.3675278800417220e-05,
       -2.2814073159116953e-07, 1.4671023494284526e-07,
       -1.6225091031891876e-04, 3.3675278800417220e-05,
       2.6909531738305609e-03, 5.7966607083182149e-07,
       -5.9242997045677799e-10, 1.1375857211627597e-07,
       -2.2814073159116953e-07, 5.7966607083182149e-07,
       4.6484268989690841e-09, -7.1935103556482283e-09,
       -3.8378073915597201e-07, 1.4671023494284526e-07,
       -5.9242997045677799e-10, -7.1935103556482283e-09,
       1.5630725952163932e-08 ]
s2: 6282
w2: 1920
h2: 1200
