%YAML:1.0
---
X0obj: 5.4083721155580988e-01
Y0obj: 9.6146885925064193e-02
Z0obj: 9.3823265980129092e-02
rotType: AlZeKa
angle1: 3.1581571158094994e+00
angle2: 1.5417892024650439e+00
angle3: 1.5265192049954845e+00
